18427
130625
130626
130627
130628
130629
130630
130631
130632
130633
130634
130635
130636
130637
130639
#
18428
130640
130641
130644
130648
#
18429
130649
130650
130651
130652
130653
130654
130655
#
18430
130656
130657
130658
130659
130660
130661
130662
130663
130664
130665
130666
130667
#
18431
130672
130673
130674
130675
130676
130679
130680
130684
130685
130687
130688
130689
130690
#
18432
130691
130692
130693
130695
#
18433
130696
130697
130701
130710
#
18434
130711
130712
130713
130714
130715
130716
130717
130718
130719
130720
130721
130722
130723
130724
130725
130726
130727
130729
130730
130731
130732
#
18435
130733
130734
130735
130736
130737
130738
130739
130740
130741
130742
#
18436
130743
130744
130745
130746
130747
130748
130749
130750
130751
130752
130753
130754
130755
130756
130757
#
18437
130758
130759
130760
#
18438
130762
#
18442
130769
130771
130772
130773
#
18443
130800
#
18444
130808
130816
#
18445
130817
130818
130821
130822
#
18446
130825
130826
130827
130828
130830
130834
130837
#
18447
130839
130840
130842
130843
#
18449
130848
130849
#
18450
130852
#
18453
130860
130861
#
18456
130867
#
